4294967278,342
4294967278,405
4294967278,132
4294967278,131
4294967278,126
4294967278,124
4294967278,123
4294967278,122
4294967278,121
4294967278,348
4294967278,119
4294967278,118
4294967278,117
4294967278,116
4294967278,115
4294967278,114
4294967278,112
4294967278,110
4294967278,109
4294967278,336
4294967278,105
4294967278,103
4294967278,101
4294967278,100
4294967278,98
4294967278,97
4294967278,96
4294967278,95
4294967278,384
4294967278,416
4294967278,91
4294967278,87
4294967278,85
4294967278,84
4294967278,83
4294967278,82
4294967278,81
4294967278,79
4294967278,370
4294967278,76
4294967278,72
4294967278,71
4294967278,64
4294967278,63
4294967278,62
4294967278,61
4294967278,408
4294967278,60
4294967278,58
4294967278,57
4294967278,56
4294967278,55
4294967278,54
4294967278,53
4294967278,409
4294967278,52
4294967278,51
4294967278,49
4294967278,48
4294967278,47
4294967278,46
4294967278,371
4294967278,45
4294967278,44
4294967278,279
4294967278,43
4294967278,42
4294967278,41
4294967278,311
4294967278,40
4294967278,39
4294967278,38
4294967278,37
4294967278,36
4294967278,35
4294967278,410
4294967278,34
4294967278,33
4294967278,32
4294967278,388
4294967278,31
4294967278,30
4294967278,29
4294967278,28
4294967278,27
4294967278,26
4294967278,25
4294967278,399
4294967278,24
4294967278,23
4294967278,22
4294967278,21
4294967278,20
4294967278,19
4294967278,18
4294967278,17
4294967278,16
4294967278,15
4294967278,14
4294967278,13
4294967278,12
4294967278,11
4294967278,394
4294967278,10
4294967278,9
4294967278,8
4294967278,301
4294967278,7
4294967278,6
4294967278,5
4294967278,360
4294967278,4
4294967279,132
4294967279,131
4294967279,130
4294967279,82
4294967279,80
4294967279,79
4294967279,77
4294967279,75
4294967279,74
4294967279,69
4294967279,66
4294967279,65
4294967279,64
4294967279,529
4294967279,63
4294967279,62
4294967279,59
4294967279,57
4294967279,55
4294967279,54
4294967279,51
4294967279,50
4294967279,48
4294967279,46
4294967279,43
4294967279,42
4294967279,41
4294967279,40
4294967279,39
4294967279,37
4294967279,36
4294967279,33
4294967279,32
4294967279,31
4294967279,30
4294967279,311
4294967279,26
4294967279,22
4294967279,20
4294967279,18
4294967279,15
4294967279,14
4294967279,13
4294967279,12
4294967279,8
4294967279,6
4294967279,4
4294967278,203
4294967278,377
4294967278,421
4294967278,362
4294967279,190
4294967278,188
4294967279,72
4294967278,403
4294967279,71
4294967279,344
4294967278,70
4294967278,284
4294967279,70
4294967279,524
4294967279,240
4294967279,68
4294967279,179
4294967279,178
1047,6
1047,5
1047,4
1047,3
1047,2
1047,1
4294967279,61
4294967278,391
4294967279,330
4294967279,232
4294967278,215
4294967279,49
4294967279,45
4294967279,47
4294967279,230
4294967279,528
1044,7
4294967278,411
4294967278,402
4294967279,289
4294967279,38
4294967279,216
4294967278,438
1044,6
1044,5
1044,4
1044,3
1044,2
1044,1
4294967278,398
4294967278,400
4294967278,134
4294967279,133
4294967294,111
4294967294,113
4294967294,467
4294967294,1048
4294967279,214
4294967279,224
4294967279,17
1041,7
1041,6
1041,5
1041,4
1041,3
1041,2
1041,1
4294967278,263
4294967279,341
4294967278,397
4294967278,2
4294967278,258
4294967278,345
4294967278,413
4294967294,190
4294967294,1029
4294967279,575
4294967278,102
4294967279,573
1036,6
1036,5
1036,4
4294967294,1420
1036,3
1036,2
1036,1
4294967279,526
4294967279,572
4294967279,570
4294967279,251
4294967278,340
1033,6
1033,5
1033,4
1033,3
1033,2
1033,1
4294967279,371
4294967278,266
4294967279,244
4294967278,175
4294967279,512
4294967294,489
4294967279,165
1030,4
4294967279,164
1030,3
1030,2
1030,1
4294967279,163
4294967294,185
4294967294,1037
4294967294,198
1029,4
1029,3
1029,2
1029,1
1028,6
4294967279,316
4294967278,439
4294967278,145
1028,5
1028,4
1028,3
1028,2
1028,1
4294967294,407
4294967294,384
4294967294,406
4294967294,451
4294967294,458
4294967294,454
4294967294,456
1026,6
4294967294,488
4294967279,569
4294967278,305
1026,5
1026,4
1026,3
1026,2
1026,1
1025,5
1025,4
1025,3
1025,2
1025,1
4294967279,567
4294967279,238
4294967279,257
1024,5
1024,4
1024,3
1024,2
1024,1
4294967278,320
4294967279,255
4294967278,356
4294967278,349
1023,5
4294967278,355
4294967279,561
4294967278,354
1023,4
1023,3
1023,2
1023,1
4294967278,368
4294967278,254
1022,4
1022,3
1022,2
1022,1
4294967294,487
4294967278,246
4294967278,244
4294967278,242
1021,4
1021,3
1021,2
1021,1
4294967279,299
4294967279,347
4294967278,249
4294967279,304
4294967279,294
4294967278,111
4294967278,332
4294967279,364
4294967278,393
4294967279,566
4294967278,392
4294967294,395
4294967294,175
4294967294,110
4294967294,416
4294967294,1039
4294967294,194
4294967294,481
4294967294,478
4294967279,525
4294967279,207
4294967279,523
4294967278,92
4294967278,80
4294967278,78
4294967278,69
4294967278,67
4294967278,50
4294967279,540
4294967279,521
4294967279,78
4294967279,67
4294967279,56
4294967279,522
4294967278,197
4294967279,196
4294967278,195
4294967279,195
4294967278,189
4294967279,189
4294967279,187
4294967279,186
4294967278,185
4294967279,185
4294967279,184
4294967279,180
4294967278,437
4294967279,220
4294967279,173
4294967294,1424
4294967279,340
4294967278,59
4294967278,170
4294967278,169
4294967279,169
4294967278,168
1020,6
4294967279,168
1020,5
4294967278,167
1020,4
1020,3
1020,2
1020,1
4294967279,564
4294967279,518
4294967279,302
4294967278,162
4294967279,563
4294967279,158
4294967278,157
4294967279,152
4294967278,359
4294967279,148
1017,7
4294967279,35
4294967279,145
4294967279,144
4294967278,144
4294967279,143
4294967279,142
4294967279,560
4294967279,272
1017,6
4294967279,139
1017,5
1017,4
4294967279,138
1017,3
1017,2
1017,1
4294967279,315
4294967279,313
4294967294,484
4294967279,549
4294967279,270
4294967279,282
4294967279,277
4294967279,279
4294967279,280
4294967279,265
4294967279,264
4294967279,263
4294967279,262
4294967278,369
4294967279,514
4294967278,257
1014,7
1014,6
1014,5
4294967279,253
1014,4
1014,3
1014,2
1014,1
4294967279,544
4294967279,285
4294967279,541
4294967278,323
4294967278,385
4294967278,322
4294967278,352
4294967278,253
4294967278,250
4294967278,248
4294967279,337
4294967294,1422
4294967278,309
4294967278,240
4294967278,237
4294967279,0
4294967278,232
4294967278,230
4294967278,211
4294967278,213
4294967279,559
4294967279,202
4294967278,201
4294967278,200
4294967278,199
1009,6
1009,5
1009,4
1009,3
1009,2
1009,1
4294967278,255
4294967278,194
4294967278,193
4294967279,557
4294967278,191
4294967279,290
4294967278,282
4294967279,296
1006,6
1006,5
1006,4
1006,3
1006,2
1006,1
4294967294,421
4294967294,1035
4294967294,1045
4294967294,1076
4294967294,486
4294967279,160
4294967278,159
4294967279,159
4294967294,1047
1003,4
1003,3
1003,2
1003,1
4294967294,396
4294967294,444
4294967294,189
4294967294,465
4294967294,386
1002,4
1002,3
1002,2
1002,1
4294967278,389
4294967279,325
1001,6
4294967279,555
1001,5
1001,4
1001,3
1001,2
1001,1
4294967279,517
4294967278,325
999,6
